  -5.9000000000000004        7.8061421576903966E-003
  -5.7506329113924055        1.2877647920801477E-002
  -5.6012658227848107        1.6682099735628873E-002
  -5.4518987341772158        2.0008235494991249E-002
  -5.3025316455696210        2.3071116782506326E-002
  -5.1531645569620252        2.5997948321855289E-002
  -5.0037974683544304        2.8837013857931186E-002
  -4.8544303797468356        3.1637485750801914E-002
  -4.7050632911392407        3.4438967815240605E-002
  -4.5556962025316459        3.7255966303051953E-002
  -4.4063291139240510        4.0114835465881571E-002
  -4.2569620253164562        4.3052598397791304E-002
  -4.1075949367088604        4.6063454415039014E-002
  -3.9582278481012660        4.9182063195375630E-002
  -3.8088607594936708        5.2433255302232501E-002
  -3.6594936708860759        5.5842182222585614E-002
  -3.5101265822784811        5.9440579628880955E-002
  -3.3607594936708862        6.3256282382204751E-002
  -3.2113924050632914        6.7339927775468128E-002
  -3.0620253164556961        7.1733928751844658E-002
  -2.9126582278481012        7.6552352059065895E-002
  -2.7632911392405064        8.1879984494119512E-002
  -2.6139240506329111        8.7859460028022099E-002
  -2.4645569620253163        9.4794807375005827E-002
  -2.3151898734177214       0.10314548207099400     
  -2.1658227848101266       0.11412260802910223     
  -2.0164556962025317       0.13446030381016777     
  -1.8670886075949369       0.14454087021056397     
  -1.7177215189873412       0.14421596887939109     
  -1.5683544303797463       0.14395684645162299     
  -1.4189873417721515       0.14373048109923023     
  -1.2696202531645566       0.14355754274204402     
  -1.1202531645569618       0.14334871632929680     
 -0.97088607594936693       0.14318841480540759     
 -0.82151898734177209       0.14306583456011679     
 -0.67215189873417724       0.14294288205111058     
 -0.52278481012658240       0.14286001313821936     
 -0.37341772151898667       0.14281367229176650     
 -0.22405063291139182       0.14274602226544300     
  -7.4683544303796978E-002  0.14273425745811852     
   7.4683544303797866E-002  0.14273425745811968     
  0.22405063291139271       0.14274602226544297     
  0.37341772151898756       0.14281367229176697     
  0.52278481012658240       0.14286001313821917     
  0.67215189873417813       0.14294288205111016     
  0.82151898734177298       0.14306583456011721     
  0.97088607594936782       0.14318841480540717     
   1.1202531645569627       0.14334871632929580     
   1.2696202531645575       0.14355754274204532     
   1.4189873417721524       0.14373048109923087     
   1.5683544303797472       0.14395684645162315     
   1.7177215189873420       0.14421596887939092     
   1.8670886075949369       0.14454087021056344     
   2.0164556962025326       0.13446030381016774     
   2.1658227848101266       0.11412260802910204     
   2.3151898734177223       0.10314548207099407     
   2.4645569620253180        9.4794807375006201E-002
   2.6139240506329120        8.7859460028022321E-002
   2.7632911392405077        8.1879984494118693E-002
   2.9126582278481017        7.6552352059066284E-002
   3.0620253164556974        7.1733928751844228E-002
   3.2113924050632914        6.7339927775468045E-002
   3.3607594936708871        6.3256282382204973E-002
   3.5101265822784811        5.9440579628880968E-002
   3.6594936708860768        5.5842182222585600E-002
   3.8088607594936725        5.2433255302232563E-002
   3.9582278481012665        4.9182063195375429E-002
   4.1075949367088622        4.6063454415038910E-002
   4.2569620253164562        4.3052598397791263E-002
   4.4063291139240519        4.0114835465881578E-002
   4.5556962025316459        3.7255966303051988E-002
   4.7050632911392416        3.4438967815240661E-002
   4.8544303797468356        3.1637485750801851E-002
   5.0037974683544313        2.8837013857931155E-002
   5.1531645569620270        2.5997948321855310E-002
   5.3025316455696210        2.3071116782506371E-002
   5.4518987341772167        2.0008235494991256E-002
   5.6012658227848107        1.6682099735628907E-002
   5.7506329113924064        1.2877647920801476E-002
   5.9000000000000004        7.8061421576904339E-003
