  -7.9000000000000004        3.4902829835070960E-003
  -7.7000000000000002        6.7407608036051808E-003
  -7.5000000000000000        9.1234267658700692E-003
  -7.3000000000000007        1.1123779798006442E-002
  -7.1000000000000005        1.2922694362469620E-002
  -6.9000000000000004        1.4618749012044616E-002
  -6.7000000000000002        1.6267113596545830E-002
  -6.5000000000000000        1.7889948286819918E-002
  -6.3000000000000007        1.9504723255297996E-002
  -6.1000000000000005        2.1113567179134721E-002
  -5.9000000000000004        2.2766721184110005E-002
  -5.7000000000000002        2.4413656853694749E-002
  -5.5000000000000000        2.6108572370877887E-002
  -5.3000000000000007        2.7854453761214131E-002
  -5.0999999999999996        2.9653089647646066E-002
  -4.9000000000000004        3.1535534639593639E-002
  -4.7000000000000002        3.3465771249241438E-002
  -4.5000000000000000        3.5499275372031604E-002
  -4.3000000000000007        3.7648099865763791E-002
  -4.0999999999999996        3.9865004326154571E-002
  -3.9000000000000004        4.2263888559931170E-002
  -3.7000000000000002        4.4764670844677355E-002
  -3.5000000000000000        4.7462251155576500E-002
  -3.2999999999999998        5.0353673746153439E-002
  -3.0999999999999996        5.3449834154462042E-002
  -2.9000000000000004        5.6854231798924279E-002
  -2.7000000000000002        6.0490583087050250E-002
  -2.5000000000000000        6.4559817538659539E-002
  -2.2999999999999998        6.9011399200346227E-002
  -2.0999999999999996        7.3996011889659249E-002
  -1.9000000000000004        7.9638153474629339E-002
  -1.7000000000000002        8.6013334361534674E-002
  -1.5000000000000000        9.3502549329124773E-002
  -1.2999999999999998       0.10230464280573488     
  -1.0999999999999996       0.11304538847055630     
 -0.90000000000000036       0.12648549105619453     
 -0.70000000000000018       0.14411235298930933     
 -0.50000000000000000       0.16952411058246539     
 -0.29999999999999982       0.21142850326812535     
  -9.9999999999999645E-002  0.31161054746868244     
   9.9999999999999645E-002  0.31161054746868239     
  0.30000000000000071       0.21142850326812537     
  0.50000000000000000       0.16952411058246539     
  0.69999999999999929       0.14411235298930947     
  0.90000000000000036       0.12648549105619464     
   1.0999999999999996       0.11304538847055631     
   1.3000000000000007       0.10230464280573467     
   1.5000000000000000        9.3502549329124801E-002
   1.7000000000000011        8.6013334361534660E-002
   1.9000000000000004        7.9638153474629395E-002
   2.0999999999999996        7.3996011889659249E-002
   2.3000000000000007        6.9011399200346241E-002
   2.5000000000000000        6.4559817538659595E-002
   2.7000000000000011        6.0490583087050250E-002
   2.9000000000000004        5.6854231798924300E-002
   3.0999999999999996        5.3449834154462077E-002
   3.3000000000000007        5.0353673746153488E-002
   3.5000000000000000        4.7462251155576479E-002
   3.7000000000000011        4.4764670844677355E-002
   3.9000000000000004        4.2263888559931170E-002
   4.0999999999999996        3.9865004326154550E-002
   4.3000000000000007        3.7648099865763791E-002
   4.5000000000000000        3.5499275372031611E-002
   4.7000000000000011        3.3465771249241424E-002
   4.9000000000000004        3.1535534639593681E-002
   5.0999999999999996        2.9653089647646083E-002
   5.3000000000000007        2.7854453761214121E-002
   5.5000000000000000        2.6108572370877985E-002
   5.7000000000000011        2.4413656853694739E-002
   5.9000000000000004        2.2766721184110012E-002
   6.0999999999999996        2.1113567179134717E-002
   6.3000000000000007        1.9504723255298000E-002
   6.5000000000000000        1.7889948286819918E-002
   6.7000000000000011        1.6267113596545830E-002
   6.9000000000000004        1.4618749012044657E-002
   7.0999999999999996        1.2922694362469612E-002
   7.3000000000000007        1.1123779798006420E-002
   7.5000000000000000        9.1234267658700935E-003
   7.7000000000000011        6.7407608036051808E-003
   7.9000000000000004        3.4902829835071129E-003
