  -6.9000000000000004        4.8455430837322129E-003
  -6.7632911392405068        8.4553368367503278E-003
  -6.6265822784810133        1.1030051831807405E-002
  -6.4898734177215189        1.3377599118277496E-002
  -6.3531645569620254        1.5425191981952819E-002
  -6.2164556962025319        1.7430754225342997E-002
  -6.0797468354430384        1.9448523886673237E-002
  -5.9430379746835449        2.1456085555117504E-002
  -5.8063291139240505        2.3511049433550344E-002
  -5.6696202531645570        2.5637512610242857E-002
  -5.5329113924050635        2.8240022856986496E-002
  -5.3962025316455700        3.0970347317330428E-002
  -5.2594936708860764        3.4128992461079352E-002
  -5.1227848101265820        3.7808480527558225E-002
  -4.9860759493670894        4.4310339507082637E-002
  -4.8493670886075950        4.6518776625503140E-002
  -4.7126582278481015        4.7612866655820887E-002
  -4.5759493670886080        4.8707340115151897E-002
  -4.4392405063291136        4.9818740000813336E-002
  -4.3025316455696210        5.0966678609822721E-002
  -4.1658227848101266        5.2158177098623151E-002
  -4.0291139240506331        5.3402457701399966E-002
  -3.8924050632911396        5.4726580307526446E-002
  -3.7556962025316456        5.6149679034502596E-002
  -3.6189873417721521        5.7826514151924489E-002
  -3.4822784810126586        5.9338028506154092E-002
  -3.3455696202531646        6.0770342105297484E-002
  -3.2088607594936711        6.2186654187912006E-002
  -3.0721518987341776        6.3607897674460748E-002
  -2.9354430379746836        6.5051072632937940E-002
  -2.7987341772151897        6.6524169050877227E-002
  -2.6620253164556962        6.8035130235578903E-002
  -2.5253164556962027        6.9593802226455295E-002
  -2.3886075949367092        7.1207587166763384E-002
  -2.2518987341772156        7.2882951244638547E-002
  -2.1151898734177212        7.4628706159599018E-002
  -1.9784810126582277        7.6450837203756783E-002
  -1.8417721518987342        7.8360892990067044E-002
  -1.7050632911392407        8.0368185290249736E-002
  -1.5683544303797472        8.2482482940688426E-002
  -1.4316455696202528        8.4716559027972080E-002
  -1.2949367088607593        8.7084466311741437E-002
  -1.1582278481012658        8.9603464256851936E-002
  -1.0215189873417723        9.2292950250975989E-002
 -0.88481012658227876        9.5170960359582252E-002
 -0.74810126582278524        9.8269052185140968E-002
 -0.61139240506329084       0.10161665668462642     
 -0.47468354430379733       0.10525141255384397     
 -0.33797468354430382       0.10922575474315484     
 -0.20126582278481031       0.11300963949530927     
  -6.4556962025316800E-002  0.11719993276076648     
   7.2151898734177600E-002  0.12189288938617285     
  0.20886075949367111       0.12722133834797655     
  0.34556962025316462       0.13337750753186547     
  0.48227848101265813       0.14064589036551978     
  0.61898734177215164       0.14952373916687034     
  0.75569620253164516       0.16099882607842150     
  0.89240506329113956       0.17776037036907438     
   1.0291139240506331       0.21452743523564019     
   1.1658227848101266       0.21324022153370517     
   1.3025316455696210       0.21283168009148290     
   1.4392405063291136       0.21123226128421613     
   1.5759493670886080       0.20916659434976506     
   1.7126582278481006       0.20783051193041896     
   1.8493670886075950       0.20735741411608832     
   1.9860759493670894       0.20438813493339117     
   2.1227848101265820       0.18220853294148132     
   2.2594936708860764       0.17275901300185523     
   2.3962025316455691       0.16617271377697326     
   2.5329113924050635       0.16140980800750382     
   2.6696202531645579       0.15677394432817135     
   2.8063291139240505       0.15368942277604788     
   2.9430379746835449       0.15033130257622487     
   3.0797468354430375       0.11422695881116962     
   3.2164556962025319        9.2324981340301010E-002
   3.3531645569620263        7.4655224100643278E-002
   3.4898734177215189        6.0353342727283425E-002
   3.6265822784810133        4.8473386813594872E-002
   3.7632911392405060        3.6132207776852457E-002
   3.9000000000000004        2.1220220159015164E-002
