  -11.900000000000000        1.7401614484930542E-003
  -11.700000000000001        3.3396700011350407E-003
  -11.500000000000000        4.4846746986607162E-003
  -11.300000000000001        5.4317200290000247E-003
  -11.100000000000000        6.2602201235929140E-003
  -10.900000000000000        7.0324947364545599E-003
  -10.699999999999999        7.7672472173856864E-003
  -10.500000000000000        8.4718362309074303E-003
  -10.300000000000001        9.1604460192283160E-003
  -10.100000000000000        9.8363148277197804E-003
  -9.9000000000000004        1.0486960274652306E-002
  -9.6999999999999993        1.1151951302320676E-002
  -9.5000000000000000        1.1798730519867764E-002
  -9.3000000000000007        1.2455812922664851E-002
  -9.0999999999999996        1.3104875102571910E-002
  -8.9000000000000004        1.3767702056188534E-002
  -8.6999999999999993        1.4437063222386715E-002
  -8.5000000000000000        1.5108933081497068E-002
  -8.3000000000000007        1.5789770654497166E-002
  -8.0999999999999996        1.6485050366765803E-002
  -7.9000000000000004        1.7191919750591353E-002
  -7.7000000000000002        1.7912302402695490E-002
  -7.5000000000000000        1.8650728485288825E-002
  -7.2999999999999998        1.9401852779385709E-002
  -7.0999999999999996        2.0173984197756793E-002
  -6.9000000000000004        2.0968841506076932E-002
  -6.7000000000000002        2.1777960089509732E-002
  -6.5000000000000000        2.2617792705607355E-002
  -6.2999999999999998        2.3479932988939693E-002
  -6.0999999999999996        2.4372334502581621E-002
  -5.9000000000000004        2.5295356924377271E-002
  -5.7000000000000002        2.6247834818180112E-002
  -5.5000000000000000        2.7238343198797199E-002
  -5.2999999999999998        2.8261842390641584E-002
  -5.0999999999999996        2.9336676940999614E-002
  -4.9000000000000004        3.0449920185052229E-002
  -4.7000000000000002        3.1608889525570560E-002
  -4.5000000000000000        3.2822757356489811E-002
  -4.2999999999999998        3.4092958445675191E-002
  -4.0999999999999996        3.5426587097626069E-002
  -3.9000000000000004        3.6827478211805750E-002
  -3.6999999999999993        3.8309057126618813E-002
  -3.5000000000000000        3.9868135425658160E-002
  -3.3000000000000007        4.1512943014361522E-002
  -3.0999999999999996        4.3272366884585987E-002
  -2.9000000000000004        4.5127381988443328E-002
  -2.6999999999999993        4.7116597994631242E-002
  -2.5000000000000000        4.9244838859907651E-002
  -2.2999999999999989        5.1544174258228187E-002
  -2.0999999999999996        5.4009672590991709E-002
  -1.9000000000000004        5.6699197921719222E-002
  -1.6999999999999993        5.9619320364285189E-002
  -1.5000000000000000        6.2863357147867005E-002
  -1.2999999999999989        6.6435554521241530E-002
  -1.0999999999999996        7.0442589266863212E-002
 -0.90000000000000036        7.5022368147689700E-002
 -0.69999999999999929        8.0345865986413981E-002
 -0.50000000000000000        8.6717790358451674E-002
 -0.29999999999999893        9.4846458816601767E-002
  -9.9999999999999645E-002  0.10690667033850397     
   9.9999999999999645E-002  0.12457162469356250     
  0.30000000000000071       0.12579232130842707     
  0.50000000000000000       0.12707300143876793     
  0.70000000000000107       0.12869693559762038     
  0.90000000000000036       0.13039354804518882     
   1.0999999999999996       0.13225052292433309     
   1.3000000000000007       0.13429568954601437     
   1.5000000000000000       0.13649995019605651     
   1.7000000000000011       0.13890144386662437     
   1.9000000000000004       0.14158657370699224     
   2.0999999999999996       0.14459323681277803     
   2.3000000000000007       0.14803218587380826     
   2.5000000000000000       0.15192876976385436     
   2.7000000000000011       0.15647405687655183     
   2.9000000000000004       0.16184580908574644     
   3.0999999999999996       0.16845050794556690     
   3.3000000000000007       0.17686546969645389     
   3.5000000000000000       0.18837727525588355     
   3.7000000000000011       0.20626451750237917     
   3.9000000000000004       0.24504792719850657     
